10178,569,499,1,0,
226,18,9,0,
24561,1453,1030,2,0,
16946,864,610,8,0,
20369,983,530,0,
1103,302,80,0,
32846,1962,1482,1,0,
6981,684,613,3,0,
88718,11103,7910,350,43,4,0,
12295,1090,911,18,0,
232,16,12,1,0,
18938,2083,1382,87,12,7,5,5,1,1,0,
32773,4595,3485,279,31,0,
11941,1333,976,50,0,
145537,22936,17479,839,172,136,119,119,117,114,73,41,41,16,8,8,8,8,8,8,8,8,8,8,8,8,8,8,8,8,8,4,4,4,4,4,4,4,4,4,4,4,4,4,4,4,4,4,4,4,4,4,4,4,4,4,4,4,4,4,4,4,4,4,4,
65956,14755,12132,844,86,13,0,
63547,14351,12936,1001,57,0,
6192,1211,1025,140,16,0,
11136,1766,1422,84,0,
101044,14207,10332,328,2,0,
15804,1679,970,15,0,
247,20,11,0,
75481,9594,7154,437,137,121,99,81,77,74,34,26,26,26,26,26,26,57,57,57,57,57,57,0,
97678,12847,9407,306,13,0,
9507,4656,3515,290,40,0,
39095,20574,17352,3136,597,143,29,7,0,
17047,7357,7654,668,59,7,0,
27868,9258,8399,512,9,0,
19141,10446,9854,2835,760,223,83,38,21,21,0,
111983,68603,63028,14750,3695,1190,540,270,203,157,59,20,12,1,1,1,1,1,0,
45075,25325,23887,6481,2102,913,421,215,87,52,20,3,3,3,3,3,1,4,0,
26401,15628,13763,3050,996,315,93,51,21,9,8,8,4,4,4,3,3,3,2,0,
27958,10443,10690,1409,106,3,2,0,
2820,1136,911,123,7,1,1,1,1,1,1,1,1,1,1,1,1,1,1,1,1,1,1,1,1,1,1,0,
